473 168 32 524 412 468 740 436 694 647 357 815 769 979 435 682 646 7 370 33 778 984 634 775 692 628 740 493 783 379 850 633 603 438 487 810 866 482 623 294 184 516 26 241 48 443 535 306 815
96 283 972 899 994 416 702 106 801 216 313 863 91 491 505 137 299 322 724 725 992 258 962 561 633 961 569 288 381 875 40 817 57 857 834 135 186 748 4 79 642 768 502 778 289 220 594 888 100
680 469 943 557 524 589 192 663 163 604 400 607 635 753 79 405 190 387 61 176 280 149 263 584 625 185 705 696 229 945 796 478 159 977 349 114 241 237 296 860 389 38 408 836 876 574 809 889 317
902 863 29 112 609 301 343 984 342 960 735 202 540 233 738 539 302 667 705 753 962 642 15 287 749 704 1 420 47 175 330 877 707 409 837 449 631 745 919 34 455 696 936 130 792 440 991 821 198
491 436 400 927 552 624 16 529 817 455 962 631 905 858 166 332 715 429 893 16 4 875 337 592 761 4 556 320 84 633 246 61 317 516 876 924 789 802 587 974 150 186 170 936 747 892 467 894 335
124 317 637 794 704 367 511 773 156 100 428 556 376 920 995 657 717 519 94 57 911 141 47 31 458 438 8 75 340 742 981 557 98 585 528 790 100 710 900 973 866 751 481 444 761 864 272 491 572
48 771 781 289 973 697 14 267 517 129 989 283 466 66 480 954 398 769 230 417 29 301 280 678 365 187 359 192 468 366 833 530 888 696 377 784 694 599 216 452 444 179 160 331 421 843 776 798 655
994 249 743 958 982 671 662 89 451 179 979 984 380 2 307 317 67 91 647 832 927 800 101 807 661 309 949 429 889 343 227 316 728 736 305 296 85 654 848 941 918 377 783 219 126 662 805 422 174
434 302 383 855 979 188 398 642 469 740 935 678 627 458 342 819 881 312 984 888 907 330 317 324 953 299 63 460 246 749 247 516 941 699 754 792 981 344 270 857 716 289 454 572 75 761 25 592 943
659 36 161 595 622 355 958 445 491 918 459 689 275 688 745 666 572 426 796 894 188 211 384 918 864 41 806 375 230 805 136 746 780 13 46 759 637 657 223 793 164 903 11 145 231 234 675 935 835
837 820 60 177 722 561 312 289 25 675 186 502 299 893 684 978 749 672 597 176 736 254 526 639 625 981 273 904 689 121 112 638 159 616 289 166 396 278 488 316 0 235 305 426 955 732 440 478 3
970 781 64 620 164 301 705 665 665 708 818 801 295 866 627 48 705 944 628 137 800 513 560 81 382 864 529 889 207 772 2 720 795 718 12 743 346 837 155 544 99 150 687 949 330 747 887 823 638
363 772 870 302 420 754 492 695 530 175 234 367 342 915 663 928 818 768 136 248 788 928 785 140 47 1 229 665 504 568 45 163 202 219 332 205 619 666 521 113 38 331 170 707 379 735 79 944 941
400 693 859 442 243 397 567 589 842 246 43 158 146 109 444 937 648 287 463 94 648 261 385 847 559 460 298 318 214 322 479 934 472 177 492 509 555 445 773 140 84 720 703 443 248 246 848 765 565
410 921 844 928 905 156 88 911 816 790 266 895 886 485 121 214 464 256 808 788 241 918 921 818 787 619 640 674 454 667 979 348 480 157 3 34 557 402 564 566 390 707 194 802 401 612 790 675 551
97 313 541 883 297 506 349 457 480 843 972 92 160 945 277 759 497 765 142 769 440 299 422 663 304 868 620 593 60 776 390 550 679 612 984 178 925 650 963 804 249 345 962 892 880 923 894 761 760
928 145 501 845 793 800 162 382 587 8 104 745 591 829 104 910 847 23 352 561 716 240 345 983 698 37 849 497 671 373 289 372 680 939 623 968 837 653 745 875 886 549 892 142 44 860 998 636 77
522 719 183 401 193 345 690 720 465 767 647 685 23 808 429 422 142 437 925 523 513 692 840 383 870 802 607 619 683 323 371 855 668 822 94 122 915 269 407 833 841 931 789 27 404 162 324 837 367
335 944 635 370 412 589 444 146 93 766 867 772 835 637 923 516 965 939 779 714 602 922 743 279 166 994 864 271 615 879 796 282 158 368 380 111 375 405 421 900 182 104 109 662 72 772 658 91 408
305 503 141 867 953 724 35 668 791 395 691 273 399 630 891 460 547 973 781 50 166 5 207 733 526 933 430 870 938 603 548 521 248 922 880 190 512 273 135 588 540 751 346 236 50 243 374 183 378
648 134 758 264 881 39 124 118 830 241 830 81 865 575 715 37 548 237 79 749 48 0 738 904 116 96 144 823 497 590 915 749 523 889 888 865 77 715 217 166 932 515 78 423 709 987 129 468 945
683 58 751 820 577 606 192 121 13 793 140 841 357 512 335 797 457 254 614 972 887 675 782 171 517 413 809 75 943 244 449 242 239 780 917 789 139 861 486 427 96 158 819 129 313 353 261 166 94
313 263 226 211 812 328 959 402 533 130 804 169 960 535 167 236 901 155 368 722 922 369 630 585 772 318 535 928 433 355 21 484 844 944 75 702 599 875 890 618 186 52 142 911 173 429 956 697 44
155 41 985 372 468 101 54 434 971 767 249 698 444 912 803 837 629 483 500 698 724 36 46 349 815 493 495 92 645 217 0 460 320 924 438 160 219 677 635 832 479 666 446 783 258 20 269 557 212
673 40 570 441 796 920 273 163 363 842 448 384 468 293 46 183 934 308 613 480 906 944 847 425 936 258 48 575 940 268 401 257 657 983 791 608 916 801 136 849 15 481 268 192 443 617 675 17 15
903 554 415 476 937 254 895 191 887 124 131 436 671 177 558 431 679 170 119 378 267 414 511 218 732 438 198 32 10 857 480 229 54 734 476 831 959 476 484 147 609 937 401 222 426 585 489 54 935
58 666 428 676 302 19 101 500 762 280 978 238 46 278 673 453 384 268 191 194 925 773 459 656 881 778 195 221 77 586 625 365 164 126 217 464 170 455 345 177 930 52 617 191 103 969 987 724 659
352 566 92 611 687 415 533 703 242 794 525 870 76 129 334 564 138 655 654 460 828 57 312 484 813 493 658 11 113 867 338 409 826 934 637 560 548 927 887 541 687 611 273 503 873 677 343 790 964
772 252 642 732 222 850 244 471 971 912 18 74 198 325 872 170 199 579 918 441 334 578 525 668 781 809 364 685 695 461 492 349 93 649 855 133 280 316 201 982 29 101 635 499 194 384 379 818 533
51 327 203 883 27 702 314 222 67 250 219 400 181 299 368 902 691 649 94 345 218 164 400 125 680 958 713 802 666 947 354 914 661 221 141 467 543 234 519 402 468 221 869 8 993 899 715 330 201
359 659 847 270 947 891 346 32 481 484 963 982 171 345 729 637 115 909 525 261 388 509 174 112 253 328 135 584 849 931 249 946 130 681 43 851 624 271 470 456 759 890 537 8 842 254 774 603 941
721 156 339 862 802 502 617 443 647 662 110 275 55 840 392 354 66 636 566 834 974 259 981 288 692 147 308 711 561 811 39 217 761 667 285 558 30 962 827 739 502 309 112 784 334 9 373 950 773
37 365 678 202 139 254 565 914 940 833 877 238 366 308 598 30 43 292 938 986 986 272 848 551 361 316 398 491 278 393 664 7 755 171 148 214 412 166 715 308 826 121 712 627 521 493 710 666 752
441 682 951 842 953 945 298 619 423 324 870 476 201 340 70 720 371 821 715 567 708 959 472 997 200 99 552 255 502 171 262 262 121 470 815 304 849 917 812 791 312 458 903 298 907 956 605 906 824
665 912 884 885 180 172 593 27 735 148 429 400 252 431 261 54 375 723 789 561 783 964 800 538 613 195 111 507 187 824 85 404 16 254 621 75 281 399 79 36 368 664 283 787 222 675 321 375 976
338 705 115 806 143 80 51 276 551 94 944 691 664 327 299 227 518 993 280 526 618 30 246 963 861 510 624 314 476 738 78 925 820 381 574 692 331 855 653 649 312 44 490 414 216 101 391 101 586
490 985 739 681 892 131 262 288 254 903 136 892 279 859 275 725 879 990 886 52 219 421 584 826 17 522 502 407 127 629 531 804 208 728 591 400 590 579 961 482 617 134 838 225 957 613 73 983 344
340 171 603 791 245 245 685 2 926 19 294 177 452 60 858 850 555 363 701 98 358 535 206 361 46 850 395 1 659 279 295 237 708 418 677 766 314 474 833 691 334 690 711 27 156 870 790 870 405
835 86 720 523 0 268 696 725 395 244 879 80 459 698 176 614 476 827 405 58 333 622 274 271 738 230 691 749 536 712 998 915 126 19 802 772 774 519 218 361 411 398 258 382 873 598 215 620 644
200 678 930 813 566 747 79 330 792 840 28 648 989 88 174 287 994 116 359 768 44 797 973 903 915 5 258 969 410 990 208 300 339 506 219 239 915 920 187 795 213 146 613 124 161 835 759 706 628
212 769 673 629 885 112 883 248 463 390 176 780 459 527 360 155 317 908 719 115 397 894 401 614 857 732 204 580 135 544 907 528 602 530 444 786 844 985 868 424 253 567 741 955 999 797 609 864 931
206 750 170 634 661 833 15 912 477 403 15 422 205 237 712 296 324 81 99 201 972 962 971 253 397 137 421 953 423 368 641 632 858 883 52 990 979 898 426 839 297 734 926 491 515 438 378 381 341
181 370 731 978 233 165 676 38 551 205 551 552 133 22 219 847 552 830 906 847 373 772 389 388 764 75 156 974 840 750 334 399 814 818 215 972 657 737 861 541 703 191 232 710 649 777 38 113 600
290 678 9 274 742 438 424 220 53 725 479 79 671 778 148 264 350 154 590 78 474 770 833 986 196 243 4 2 236 6 607 75 891 899 851 396 219 789 296 579 93 79 890 267 631 28 896 718 197
549 2 554 100 492 581 803 984 474 861 781 237 233 16 853 635 815 545 782 90 634 485 266 332 500 894 887 455 426 889 870 229 108 44 815 94 452 22 270 540 821 720 297 628 573 610 286 417 330
107 779 512 372 647 532 541 482 53 399 123 44 674 942 219 579 50 466 621 441 757 38 550 372 84 467 835 9 334 607 677 739 867 784 887 296 488 993 734 925 788 654 140 283 386 461 985 547 20
438 804 823 244 783 837 228 200 84 964 515 260 688 948 174 26 634 796 963 92 774 5 573 929 41 677 240 993 260 207 739 729 659 606 227 675 387 788 445 656 461 38 684 12 214 676 309 423 86
964 988 468 732 592 938 384 594 719 305 185 48 316 297 332 832 232 813 70 687 666 78 795 427 448 209 338 739 402 828 644 569 761 782 255 176 302 157 595 354 944 372 293 223 527 191 753 158 737
273 379 613 295 924 545 801 962 542 203 614 873 456 645 860 567 485 424 830 506 336 801 795 814 513 234 539 829 506 913 667 446 838 101 879 646 591 528 627 179 151 550 425 942 972 741 775 261 552
