753 287 39 43 575 658 73 960 140 731 563 491 985 639 127 58 771 735 86 616 869 227 509 770 409 428 643 102 736 58 832 365 827 605 740 552 760 367 922 17 138 988 621 615 258 666 351 273 416
923 658 327 638 899 559 902 8 150 312 214 270 668 748 117 44 209 673 626 688 847 881 189 724 632 198 486 935 294 359 776 932 474 728 150 526 852 837 639 584 623 261 394 346 150 255 14 154 581
625 721 180 758 399 30 670 821 990 760 822 144 832 267 395 754 376 775 832 524 502 768 628 858 732 399 575 174 837 987 116 536 144 666 919 24 750 262 671 613 202 663 627 127 908 362 720 864 555
717 702 0 601 809 99 981 84 185 17 379 184 862 169 936 878 695 485 921 673 922 79 746 141 138 920 290 969 987 144 737 848 83 531 618 374 267 439 99 549 412 93 325 59 523 837 109 243 162
323 533 907 644 705 484 455 889 149 76 450 501 645 775 260 47 217 474 7 420 273 935 899 197 581 163 430 246 452 46 433 720 752 781 525 959 87 334 491 493 743 578 869 520 34 257 394 517 560
826 577 400 257 948 897 3 709 35 909 777 996 100 721 700 849 463 303 206 927 743 808 281 837 381 786 28 761 507 103 902 719 568 160 174 449 422 220 18 694 197 316 493 48 84 587 599 122 143
133 406 304 166 762 186 944 122 653 244 334 444 163 792 738 889 937 500 841 121 584 21 624 531 433 66 449 5 379 95 756 818 435 516 914 161 342 615 700 613 805 298 444 794 369 553 59 655 150
858 444 617 834 786 948 835 965 918 844 958 296 712 866 641 92 441 622 640 330 194 20 994 882 837 852 335 7 261 92 213 866 155 863 467 328 65 978 112 23 69 486 448 439 813 279 14 665 223
712 137 386 378 319 603 15 418 417 329 299 0 293 585 406 828 115 329 812 245 92 951 354 874 935 823 833 216 670 715 692 417 868 183 296 251 709 693 836 649 474 557 352 296 769 189 398 285 360
83 212 260 688 885 247 815 255 674 209 647 646 302 867 18 538 367 68 964 344 19 491 932 46 141 125 655 376 987 798 942 112 818 384 875 83 402 74 127 664 288 924 474 670 132 826 861 859 401
985 497 120 149 169 641 808 972 929 8 297 444 434 320 951 727 194 747 475 295 343 816 714 410 974 913 709 515 608 961 326 180 972 389 709 456 529 474 153 297 394 513 626 484 525 910 168 172 256
102 999 129 531 719 586 367 608 22 691 360 526 131 553 608 376 486 933 29 426 226 112 544 996 774 18 284 900 600 699 116 160 378 114 197 98 815 44 153 806 643 474 109 410 849 386 106 332 713
194 841 809 322 463 7 186 85 62 260 460 269 658 698 167 666 452 885 497 765 771 795 88 244 855 36 218 398 106 217 221 395 490 445 228 334 841 602 316 47 437 782 923 158 25 838 505 895 869
22 988 485 604 3 863 671 500 869 85 622 408 563 324 392 927 408 638 900 589 88 971 661 164 13 898 957 832 986 236 52 222 952 475 532 182 616 132 69 357 265 722 832 621 835 54 488 236 483
529 264 996 249 653 270 278 231 984 542 753 120 53 170 385 271 863 162 921 268 664 198 778 191 217 316 845 777 437 401 374 349 0 272 332 587 530 614 399 162 970 280 942 374 709 133 428 50 606
130 965 869 946 607 853 419 205 709 815 1 797 758 592 970 9 974 61 711 245 283 475 81 355 345 720 908 140 112 880 772 525 951 743 923 392 643 219 65 701 503 668 389 387 884 165 937 641 162
973 905 15 20 336 746 298 983 455 720 444 496 266 666 10 564 495 311 120 225 913 604 864 560 370 679 858 64 694 760 437 6 818 795 993 957 656 67 678 333 958 808 270 446 770 261 402 737 209
202 314 111 420 73 2 507 117 99 393 785 756 461 965 972 204 348 142 304 918 819 90 862 372 134 309 667 518 482 943 843 654 440 715 536 244 841 927 423 774 970 902 649 823 531 709 383 208 775
671 758 895 710 880 37 369 40 870 593 794 224 605 24 84 784 432 86 905 714 445 561 737 652 854 91 345 336 758 572 658 508 436 812 94 962 651 289 772 998 244 940 198 551 366 378 565 519 659
264 747 888 119 727 657 366 758 822 744 661 75 475 521 780 47 342 164 250 942 812 791 12 645 965 302 962 552 376 15 881 909 471 574 897 43 66 915 18 401 80 775 625 312 456 834 115 19 868
691 942 354 159 173 185 388 409 684 925 75 416 309 770 178 46 336 320 491 858 985 627 949 919 871 275 270 408 711 556 645 952 948 331 372 335 778 910 562 499 53 533 695 766 556 143 179 380 512
593 232 593 63 379 906 487 90 361 625 944 934 404 457 505 466 728 41 589 131 106 461 768 397 593 292 696 785 257 288 376 355 709 834 771 41 779 946 727 777 801 648 74 963 16 589 537 472 721
926 303 378 898 805 467 17 73 433 553 404 394 516 546 710 862 720 422 94 815 626 952 734 858 260 27 829 558 647 385 835 964 306 159 450 89 105 512 543 625 363 616 304 918 396 196 281 521 295
206 789 278 897 153 372 961 443 219 221 900 712 170 451 862 509 174 147 939 104 977 105 9 609 181 992 132 946 323 482 696 74 65 742 981 103 817 665 261 672 616 770 422 360 413 144 501 722 499
618 540 769 873 40 116 882 31 361 634 381 112 0 50 688 484 979 774 662 659 843 659 293 442 207 917 36 786 563 979 611 527 586 400 538 473 162 585 845 748 840 924 83 128 327 11 609 256 984
939 706 101 101 843 746 174 463 147 401 137 119 332 607 559 808 8 57 530 862 434 590 761 221 673 130 781 122 67 720 696 445 43 504 146 566 490 725 357 103 787 105 897 718 487 94 780 550 621
242 995 932 827 488 509 94 223 962 86 260 38 446 311 711 346 58 855 774 990 113 361 912 642 704 606 430 250 767 867 907 84 506 579 178 791 992 762 322 375 871 633 416 450 918 380 593 25 620
373 681 111 275 23 698 204 124 540 809 6 831 48 288 537 334 880 436 973 872 609 439 575 300 786 873 585 621 7 677 498 216 55 820 628 519 698 493 715 539 235 633 444 801 957 807 250 448 220
196 258 738 727 401 725 561 484 650 92 979 455 157 336 61 754 457 35 699 796 53 10 639 318 572 614 267 371 465 671 781 796 683 208 112 93 643 867 913 811 516 534 995 464 759 441 879 19 626
597 119 505 198 880 782 757 862 859 637 705 770 649 80 665 864 320 362 61 878 192 180 76 684 368 982 630 488 157 394 818 142 587 995 492 985 238 999 74 207 8 66 443 518 506 220 958 543 671
819 574 893 285 656 807 424 192 206 848 96 299 149 425 126 287 671 484 993 948 920 655 62 123 322 49 876 41 139 523 657 546 692 5 381 955 115 783 94 238 219 986 400 441 21 728 621 547 383
459 738 422 706 796 859 335 972 511 587 440 763 661 873 951 278 8 36 122 509 781 459 10 973 710 199 545 371 895 329 116 683 698 856 340 585 108 682 43 429 511 470 602 208 521 457 581 325 60
644 756 59 99 273 94 378 567 757 981 883 224 561 329 616 517 134 843 68 29 152 231 646 203 661 510 606 325 223 984 288 469 445 664 777 679 722 416 969 866 619 380 935 260 181 727 149 324 815
299 146 414 531 527 756 667 59 515 29 268 814 454 543 349 866 934 480 318 112 48 648 284 712 893 296 626 820 122 320 904 981 1 258 270 158 746 121 83 240 221 241 873 789 510 133 982 224 380
413 767 582 564 565 281 93 95 882 449 601 105 339 801 396 87 806 120 200 497 194 406 754 425 28 670 769 865 203 642 900 827 29 459 956 17 201 855 926 833 157 166 964 376 148 5 29 905 654
11 424 862 989 265 224 882 229 579 781 574 458 608 876 290 102 749 323 411 910 666 733 427 923 548 709 125 271 191 2 186 373 321 715 413 697 956 713 73 11 656 61 869 20 255 90 41 215 724
982 347 435 217 781 843 573 743 981 432 257 560 476 908 112 7 758 409 474 465 446 912 955 619 731 800 566 977 987 710 754 109 39 284 820 967 56 155 911 3 957 563 989 632 912 382 456 251 315
876 159 818 258 673 290 82 389 463 920 966 73 562 672 339 376 266 307 632 881 548 223 307 728 976 20 549 960 115 810 673 206 841 518 92 710 80 588 218 691 392 278 562 67 163 759 700 831 774
234 107 893 355 391 166 291 226 635 237 100 734 724 789 219 945 813 253 140 967 643 360 876 931 853 959 351 708 429 224 316 204 515 147 40 692 480 983 942 66 344 865 160 285 151 798 86 964 596
257 73 954 64 480 174 181 463 767 466 102 84 665 876 376 774 984 111 867 906 111 695 861 779 263 653 824 627 969 352 414 937 551 735 272 219 756 932 762 756 311 321 691 210 781 385 412 908 763
142 772 157 313 860 702 630 729 916 30 954 771 873 487 322 609 393 717 46 408 886 395 206 199 187 322 740 812 163 332 31 521 3 823 825 256 80 185 184 339 197 72 931 552 45 882 776 836 593
905 584 699 542 941 697 815 809 716 691 998 877 721 548 722 346 211 744 770 736 11 477 411 782 134 796 76 342 671 340 290 857 764 810 251 744 252 841 267 813 65 398 177 44 18 858 580 614 435
554 37 656 208 797 669 449 836 780 335 478 946 547 665 210 837 345 416 985 650 29 420 788 805 405 879 526 387 355 29 985 808 252 606 885 222 784 812 107 332 105 571 978 83 349 754 804 623 908
708 62 488 720 806 408 635 985 939 870 331 147 418 576 273 559 76 540 902 811 340 265 422 951 971 966 441 886 737 693 364 36 313 538 799 536 61 77 653 643 449 904 927 72 522 869 513 684 456
92 526 395 2 647 582 818 187 297 35 503 769 914 467 432 702 715 552 801 898 220 850 78 896 262 588 163 310 205 162 259 518 819 685 175 44 459 901 730 698 360 334 510 882 403 617 301 757 995
693 471 4 482 242 459 907 168 777 527 209 51 592 746 872 483 643 764 752 720 647 308 37 704 48 0 0 993 604 496 133 303 629 701 892 695 756 843 790 806 731 72 57 76 417 440 867 894 541
930 987 952 186 870 662 348 752 11 964 2 13 273 545 242 143 2 849 769 503 739 13 290 562 355 38 45 879 235 493 955 199 714 518 458 766 15 978 270 949 79 799 241 320 891 140 82 219 121
89 741 563 955 330 313 820 445 90 885 551 589 92 98 947 714 177 867 625 911 908 698 922 552 829 506 291 139 228 689 641 861 460 170 945 229 484 929 306 132 862 731 578 122 14 583 911 332 765
631 37 758 405 747 39 480 901 820 460 994 156 681 420 774 407 401 63 220 236 48 358 408 760 853 312 423 298 587 591 308 38 58 364 28 512 353 158 429 265 498 997 914 676 713 6 57 529 438
